建议治疗后复查,2722,2721,2641,1.540174681384143e-05,0.999554897855317,1.076921812863123
散在,2701,71,125,0.0002954026876723023,0.858898674150779,0.69516680328848
较前吸,428,41,23,4.3460821795399045e-05,0.853393665158371,0.01324803715175243
溶栓,102,11,6,0.0006139400505597688,0.8407643312101911,0.02407249281083052
情况相似,22,15,22,0.0005455266812140449,0.9308885754583921,0.022821256518385794
斑点状,1436,106,227,2.4464281220933227e-05,0.7667330518601131,0.06698802431529952
脊柱,682,71,34,0.00102457323219804,0.7790866548329837,0.615153018532027
呈波浪状,157,104,57,2.704435049547145e-05,0.8429434767152506,0.012476957648049297
输尿管,4088,176,178,3.0718592028062485e-05,0.9999361634216406,0.17381456177109836
引流术后,1317,126,98,2.2725075828763844e-05,0.9692307692307692,0.04546182134998838
呈波浪状改变,99,90,99,3.619123448300822e-05,0.995475113122172,0.01697605971787302
稀疏,73,26,68,0.0017907958002158768,0.6671698113207547,0.28778085883707927
球内未见异常,207,207,200,9.28125928125928e-06,0.9994085625656315,0.013583072223508772
股骨粗隆,99,6,7,0.0006014946230026125,0.9882352941176471,0.019335494555185264
平扫未,23046,18,8,1.1906403553974355e-05,0.7422680412371134,0.01001077087173066
伪影影响,71,10,19,0.0010243832058865964,0.824295010845987,0.05655190346228045
尾状核,179,14,12,0.00015859233795229827,0.9882352941176471,0.01371022716649702
蝶窦炎,359,87,145,2.5717865133509388e-05,0.8823529411764706,0.026496066723689114
邻近胸膜肥厚,120,56,43,0.00016312858882895422,0.9660982948846539,0.04346523082110165
胃癌术后复查,184,152,181,1.3131102929863068e-05,0.9849458516065515,0.014715941286948933
对比,4970,2051,2577,3.7092198518043526e-05,0.9744941014221671,2.986396710011564
管壁,1513,215,76,5.673621208798561e-06,0.6284494528951367,0.012391927520471588
多发,19290,504,434,3.324200123650939e-05,0.9889233495790872,1.0766404753790961
髂总,312,27,27,4.956381460273888e-05,1.0,0.011818865471248746
本院片相,159,11,11,0.00033427940712708925,1.0,0.023183066175122925
5及腰5,319,319,315,1.7556985627378243e-05,0.9999203924651469,0.04970010132058091
片状低密度,2007,44,48,1.6000963980347182e-05,0.9962264150943396,0.016456062204440725
动脉粥,937,44,32,3.3580720867335903e-05,0.9513513513513514,0.019043592192694095
可疑,1940,518,1189,4.194068726388231e-05,0.732325235056137,0.6665220186968446
粗隆,151,10,25,0.0002948470115009861,0.6896551724137931,0.02587957668175938
肝内多发小囊肿,115,106,100,4.436300511138972e-05,0.9983047654925598,0.02447983703162402
磨玻璃样,280,33,23,9.92417927037434e-05,0.9381953028430161,0.02250750551994772
走行迂曲,25,10,22,0.000496031746031746,0.7534246575342466,0.017051091269841268
游离,247,46,26,0.0011463046757164404,0.8567335243553008,0.2992590023130391
外伤,2407,112,92,3.3049489434131774e-05,0.9809596344249809,0.08189897801249112
残留,52,14,36,0.000807290453790384,0.675603217158177,0.05868025884672984
背侧胸膜,511,20,24,4.4863049177276645e-05,0.9836065573770492,0.01106337921066003
管腔狭窄约70,98,86,98,3.1086794329768716e-05,0.9915294117647059,0.014095993203778521
外踝,559,115,65,2.2338191670236183e-05,0.8567335243553008,0.02193272578488777
双侧筛窦炎,524,350,164,1.1155862299189156e-05,0.7684275348737584,0.02851790131801187
轮廓欠光滑,16,10,16,0.0008488964346349745,0.898876404494382,0.020895912237168603
无旧片对比,521,502,521,6.028373389811054e-05,0.9993103382399297,0.35179107125141773
平扫未见,23034,18,17,1.0626992825860811e-05,0.99836867862969,0.01410095253674093
筛窦,2741,846,577,0.00011365251570527668,0.9309957135160135,2.0411496515808802
软组,4981,191,113,2.551433004074174e-05,0.8764670050761422,0.1278440931947399
比较2015,600,590,589,9.21004464661243e-06,0.9999985611945539,0.06649528657104399
对比2016,1033,989,1030,3.116148163342876e-05,0.9991755847536636,0.505318800994787
外耳道通畅,77,30,77,7.980209081477934e-05,0.6765265778298433,0.01511777351784457
直径约3mm,50,48,44,7.103261533565752e-05,0.9962264150943396,0.011530520011447278
斑片状,3628,225,362,2.489312560555204e-05,0.8966857306419918,0.2080492033081176
气管,10096,231,285,1.9246475473928064e-05,0.9783335562391333,0.24673628406949713
中段壁冠,1926,89,33,2.9519222899560154e-05,0.6519422863485017,0.03118725689424947
视神经,213,190,74,0.0008923409496518613,0.676351741389263,0.6935887157223198
比较2016,585,585,584,1.0803910683239312e-05,0.9999985364732811,0.07636829950411375
眼睑,540,36,73,0.00027641447429038263,0.7933584905660377,0.1548661578086545
多个,1103,66,85,2.146217163825971e-05,0.9688282531733011,0.02648178979231855
卵圆,2789,24,22,0.00016084203950704942,0.9962264150943396,0.09749894567393701
肝硬化,514,322,452,8.806051244296755e-06,0.9451277322493085,0.03754188834472352
必要时增强扫描,228,190,189,2.0481697178107223e-05,0.9999860764957325,0.029302829589930843
双肾多发囊肿,305,270,266,1.2757800108529142e-05,0.999888622821184,0.029854260912718235
颅ct,46787,35,84,1.0919691965532493e-05,0.7100591715976331,0.05835436613855685
边缘欠清楚,39,37,36,0.00012851818532322323,0.999624765478424,0.014644624918561135
腮腺,286,30,45,0.00015366265137920288,0.9230769230769231,0.046776082212839645
上颌,3459,185,63,2.1761905253232073e-05,0.6103052835523904,0.06014960686803176
胸腔少,1339,49,44,2.0864520389498056e-05,0.9942356467604335,0.017699642827760112
附壁血栓,30,10,15,0.0006602112676056338,0.9230769230769231,0.021696756239201122
胃底静脉曲张,48,18,43,0.00012055545927862627,0.7123791992636908,0.010597870936701332
同15,1061,1053,1056,9.01256204195469e-06,0.9999959531373303,0.1547824330029621
鼻中隔左侧偏曲,36,36,36,0.0002925687536571094,1.0,0.03159742539496782
病灶边界清晰,210,210,170,5.8323871905224266e-05,0.9780821917808219,0.07940367704837109
置换,68,6,6,0.0008598452278589854,1.0,0.021271396176875294
肺野透光度良好,1413,743,1409,9.146202039603055e-06,0.8251878943613956,0.16725126511161584
轮廓不光滑,22,15,22,0.0008488964346349745,0.9308885754583921,0.03551225624608204
大小形态正,9493,8,11,2.529980266153924e-05,0.9513513513513514,0.011416893381019274
原发性肝癌,61,41,23,0.00012283701139564996,0.853393665158371,0.014135978561265793
斑点,1729,124,88,3.11211858075369e-05,0.9439446366782007,0.06660734602972442
输尿管上段,1176,35,82,2.4164714585131303e-05,0.7221034092338658,0.02032737812166606
5椎间盘突出,2909,2907,2744,5.414900480411497e-06,0.9983373784471206,0.41225522752086985
ｃｔ,22,10,9,0.041666666666666664,0.994475138121547,0.9257399525967296
额颞,2026,27,41,2.5297632704719626e-05,0.9186721991701244,0.018536951406800513
纹理分布,1925,7,19,0.00026857113598335614,0.6487804878048781,0.06027718970130919
d级,182,148,182,0.0005026902212941787,0.9789925129025223,0.5535480109720193
黄韧带肥厚,28,25,28,0.0001522533495736906,0.99361249112846,0.010640647149962159
局限性,1715,124,111,2.1688203432060185e-05,0.9938982561288227,0.05260565616833018
蛛网膜下腔出血,1414,910,605,3.485657038956531e-05,0.9220977703339265,0.47631416008099015
与2015,3990,3856,3911,7.756731964637825e-06,0.9998997170761795,0.9513422146148766
动脉粥样硬,829,41,33,3.4100821196313575e-05,0.9768953068592058,0.01795180737992728
分叉,221,10,21,0.00010515397206044688,0.7763401109057301,0.010589596687673699
冗长,11,7,10,0.0011723329425556857,0.9395973154362416,0.016010187940478447
主动脉硬化,162,124,154,1.8457033052444634e-05,0.976977386677581,0.016136784800136125
管腔轻微狭窄,113,112,113,3.1086794329768716e-05,0.9999604946075139,0.01858784788277788
尿酸,790,43,30,0.00019144748353188134,0.9385230993088396,0.09508895135171053
双肺多发感染,317,216,234,1.0679840221504603e-05,0.9968051118210862,0.021357552434376297
动脉瘤,1004,170,251,5.885835129245846e-06,0.928607958564107,0.01890233675777837
顶叶,2244,186,232,5.094002391048448e-06,0.9760687627233657,0.024911232673506478
较前明显吸收,138,25,68,5.2572029394621656e-05,0.6477424271289769,0.011289124382418272
内固定,784,100,39,3.7059649585886775e-05,0.6770245638399445,0.029114487300567163
斑块形,5442,16,23,2.0807649965774628e-05,0.9375796178343949,0.014483899868568297
筛窦炎症,746,215,535,3.909832552773175e-05,0.6919837569559332,0.16377912647639253
边界较清晰,45,45,42,7.592322643343052e-05,0.997624703087886,0.01106428780210795
椎间盘,33720,134,395,1.7953412555588093e-05,0.6084572453313868,0.3298655909869364
填充,41,14,33,0.0010007322431047107,0.7190661478599222,0.06298743725582964
硬膜囊前缘受压,1124,1123,906,7.888757292626222e-05,0.9773824247765933,1.3262263645996946
脑白质脱髓鞘,3106,1727,2435,1.0731348667253563e-05,0.9437524868841757,0.6042884013110996
脓肿,411,50,114,3.7323333949032125e-05,0.7356737222509034,0.026298583025234443
脑室大小正常,8127,8127,7882,9.178485541347551e-06,0.9995316914882921,3.310843431778441
浸润,74,18,43,0.012163050624589087,0.7123791992636908,1.3276068968731032
额颞顶,1187,21,25,4.5924136190018365e-05,0.9849906191369606,0.01805792427067249
ct扫描未见,29866,34,23,1.0621859642893206e-05,0.9281899109792285,0.02518378402051299
胸膜,7165,296,191,1.4535346656352961e-05,0.9111582068865485,0.14283334541133458
颌下腺,187,16,39,9.429386000740231e-05,0.7023072594259989,0.014629386632572555
肩胛骨关节盂,18,6,8,0.0011160714285714285,0.96,0.016234594466017674
建议结合临床,624,624,248,4.938377907469993e-06,0.686444286728176,0.0218925525832275
双肺感染,849,529,411,3.7346818658101093e-06,0.9689724174506754,0.025169645472574186
待排,153,28,64,0.0003110628590946241,0.7344262295081967,0.07494523967813264
腰5,22181,19200,20059,7.617223877067343e-06,0.9990429602223806,11.129061822820844
软组织,4708,188,160,2.5006772224848487e-05,0.9871357311630349,0.148311372307169
门静脉高压,85,80,71,0.00018214936247723133,0.9929201992832795,0.06316965526414504
扫描未,30382,17,26,1.1557012186598894e-05,0.9160621761658031,0.020706541384338365
颅ct平扫未见,20628,31,11,1.0629437409446692e-05,0.6303142329020333,0.012394925732806277
内固定术后,587,35,47,2.2798308683972874e-05,0.9580663948747816,0.011080866691876539
纤维,9406,338,468,0.00010181484363433052,0.949290060851927,1.9379434382270564
慢性间质性肺病,121,95,55,4.9745353126228215e-05,0.8672199170124482,0.019060761139533113
交通,192,16,7,0.0005605839416058394,0.7344262295081967,0.03782521923550481
已报告,250,250,250,0.0005271036707499631,1.0,1.041780101628348
弥漫性脂肪肝,288,267,276,4.4504553063025864e-05,0.9994507171193164,0.10249937133377406
管腔狭窄约20,2158,1992,2139,1.8283712329357068e-05,0.9974706746798839,0.8760623643997622
大小约0,277,201,255,6.19472687851738e-06,0.9723407887997269,0.011588665919038245
建议进一步检查,698,697,638,1.506248991158448e-05,0.9961012619098553,0.13255517013607682
骨皮质光滑,128,128,76,1.9005459169666338e-05,0.8779783393501805,0.0102536088439574
胸膜增,1438,110,37,1.1581616752623392e-05,0.6043507313089316,0.01215977970682671
密度不均,273,187,115,1.1372398563828524e-05,0.8924347429140557,0.013380301491585462
老年性脑改变,98,92,98,3.619123448300822e-05,0.9980075271197698,0.017001088851097985
髓核脱,220,27,12,0.00012204322549150135,0.7422680412371134,0.015038531184467307
可见,7329,396,252,3.7921945696395704e-06,0.9058823529411765,0.04999581975483739
泥沙,45,10,5,0.011216350947158525,0.8,0.25080523177340613
右肺中叶内侧段,1201,1046,362,1.180163806736375e-05,0.6181266120343465,0.10998954247848657
下叶后基底,1394,64,27,2.237962522957578e-05,0.7162694300518134,0.0158666975103139
软化,1731,119,104,9.560564741620352e-06,0.9909917123753853,0.02207534595368972
请结合查体,46,46,45,8.510701281785619e-05,0.9997585124366095,0.013130256689606143
野透,1686,6,11,8.277181705052301e-05,0.8407643312101911,0.013194905629415629
支气管肺炎,892,332,808,2.5680893478590455e-05,0.7030801165789529,0.18048335263551057
脑室系统,1039,626,479,1.0890280424720936e-05,0.9652206522596356,0.0952564528723117
软组织肿,1665,69,60,1.705339743416938e-05,0.9903121636167922,0.02233205368876377
边界欠清晰,68,65,55,0.00012851818532322323,0.9862068965517241,0.0315728539853128
紊乱,330,198,319,0.0024855012427506215,0.896137339055794,5.516152761340766
腰3,9131,8557,8556,8.925460645384547e-06,0.9999999931706763,3.6488496467624865
板障,92,9,10,0.0008076977103525776,0.994475138121547,0.036697093963734294
管腔狭窄约30,878,789,868,3.1086794329768716e-05,0.9954642082350675,0.38071274677797395
动脉供血,4976,9,13,3.52439042494516e-05,0.936,0.013221702455012703
肺气肿,1905,667,1504,8.898628644251184e-06,0.741191877808789,0.17946692431515102
纹理,3233,49,65,0.00022752343938308987,0.9613643223664352,0.3614378097206265
磨玻璃,1134,61,30,0.0007501994577923496,0.7920363557671499,0.5080342250105275
鼻中隔左偏,46,46,43,0.0002925687536571094,0.9977301387137453,0.044100461885923765
介入,210,19,8,0.00045094376087096566,0.7152941176470589,0.03678848079181325
不典型,163,39,29,9.080360072486898e-05,0.9576629974597799,0.01928193279271166
肝内多发囊肿,159,149,121,3.633689373949601e-05,0.9787199391998262,0.03059526615769495
肝脏多发囊肿,342,282,258,4.339859195679429e-05,0.996057171020207,0.10813436811650372
延伸,43,16,16,0.0054603174603174605,1.0,0.2864455685536366
半卵圆中心,2608,177,217,0.00020190618639626102,0.9795965212068658,1.005171572773253
鼻中隔右偏,42,42,38,0.0002925687536571094,0.9950124688279302,0.03782644146671645
肋骨,1376,107,91,1.702572383949276e-05,0.9870248352762291,0.03105809267110058
浅表型,1364,1177,1058,8.522197794837585e-05,0.994346213288415,1.753651931541478
ct扫描未,29896,34,21,1.2391513862892564e-05,0.8941765810895429,0.027814190946024213
盆腔少量积液,154,139,150,8.811848159267862e-05,0.9971067167212644,0.07889247520360369
椎间,35084,188,372,1.5645046414157948e-05,0.8051206483698655,0.36596889035275915
边缘清楚光滑,41,41,36,0.00012851818532322323,0.9916022841787034,0.01577437443264376
少许纤,3446,31,38,3.553964978036888e-05,0.9796257796257797,0.03561779090734794
除透明隔间腔外,48,30,48,7.980209081477934e-05,0.898876404494382,0.010207109600597421
对称,1522,650,465,0.00012002151239722862,0.9464166894986105,1.2692812463698726
反应,65,12,18,0.00046170019320377313,0.9230769230769231,0.026800890912346012
胫骨,971,104,45,1.747912558577122e-05,0.7289151935207538,0.0171075927154442
管腔狭窄约60,94,79,93,3.1086794329768716e-05,0.98683680322364,0.012874235811566952
建议定期复查,168,168,155,1.869418450625988e-05,0.996765488334705,0.019534379614111433
蝶骨大翼,21,7,10,0.001095290251916758,0.9395973154362416,0.02066750200675915
两枚,155,66,86,0.0002457220582313719,0.9659632402995235,0.11423752683458557
周围软组织,643,146,59,2.2157047498645077e-05,0.6947614630802114,0.023608499299215022
请结合临床病史,262,261,230,3.586029813321143e-05,0.9920592293899406,0.07096617416470927
ds,173,14,10,0.00019306915223670054,0.9459459459459459,0.014813331272791375
消化道,58,18,9,0.0007974481658692185,0.8,0.036439105769683774
透明隔间腔,547,397,254,4.311113601626464e-05,0.907939223410242,0.1561803403908123
脱髓,3550,33,43,0.00013544914823089294,0.9659632402995235,0.1506812651710163
斜裂,341,24,42,0.00023598125990463865,0.8615384615384616,0.06655356159257717
延伸至,24,5,7,0.0015634160641000586,0.9459459459459459,0.022339167740840656
破裂,267,33,75,4.2317918833280716e-05,0.7372654155495979,0.015846427926801628
脾大,335,331,312,5.956032249905584e-06,0.9982552379111186,0.01750858540814639
7椎间盘突出,577,576,560,7.567188006576188e-06,0.9996033320111067,0.05161246599754085
近段混合型斑块,158,26,38,6.40694220573178e-05,0.9320754716981132,0.012432438526844891
阻塞,545,27,22,6.397806949168778e-05,0.9793899422918384,0.018105884574486808
胸腔少量积,1081,44,33,3.284851637746197e-05,0.96,0.02036594175296049
评估,77,7,20,0.009663654618473896,0.623608017817372,0.43969450066974886
狼疮,17,5,5,0.058823529411764705,1.0,0.6063390625908324
断端稍错位,37,31,37,0.00015785319652722967,0.984549356223176,0.016196036543600113
边界清晰,712,501,592,0.00012797894818200692,0.9862319503212988,0.9266544250776861
老年性脑萎缩,78,64,76,0.0001968106580540977,0.9854132901134521,0.06038950160400425
混杂,187,34,24,0.000295123517872333,0.9422632794457275,0.05677887555009171
建议随访,424,424,272,3.322113365551565e-05,0.908953341740227,0.11335035843248463
皮质光滑完整,25,25,25,0.00017274140611504577,1.0,0.01079633788219036
腹部,2323,213,130,1.029229652486434e-05,0.8893671008045737,0.040046607431767724
枕叶,1098,111,160,4.996723460026212e-06,0.9366841591730176,0.010850759932008765
鼓室粘膜增厚,56,38,56,0.0001680036960813138,0.9292576419213974,0.02846142364921882
fnh,27,12,11,0.008620689655172414,0.9962264150943396,0.2570810044217674
皮肤,55,17,20,0.00017274140611504577,0.9869375907111756,0.011772128340387059
狭窄程度约,1002,13,14,7.759799961340398e-05,0.9972602739726028,0.01655739502934034
断端错位,89,72,74,0.00014945674990344087,0.999624765478424,0.0514543264470837
骶1椎间盘脱出,232,227,207,1.643655489809336e-05,0.9957617241306237,0.027105739498892556
既往,106,12,13,0.008681408681408681,0.9968051118210862,0.5577347748119936
4－腰5,871,871,860,2.0356393949182262e-05,0.9999192386271635,0.2599737285530275
恶性占位,132,33,50,8.177177126948816e-05,0.919476177208136,0.018676531411574045
团块,368,56,40,3.891292925428552e-05,0.9459459459459459,0.017417852926333084
骶1椎间盘突出,7330,6963,7110,2.1538684859068537e-05,0.9997818054458852,6.487098279437565
管腔狭窄约50,292,240,288,3.0413150146181016e-05,0.9836065573770492,0.06803347254699274
桡骨,961,37,27,2.1299006692786208e-05,0.9523355576739753,0.010306389660451502
穿透性溃疡,14,7,8,0.0028653295128939827,0.9911504424778761,0.04002537032652163
与前一天比较,95,92,80,6.261026821579849e-05,0.9903121636167922,0.026112997931111614
肱骨,958,43,26,2.1698234767063447e-05,0.8855445544554456,0.01088177823966797
近段混合性斑块,364,53,156,5.5049548374412544e-05,0.6091729600294714,0.041548814246003
隆起,86,22,55,0.0003502626970227671,0.6896551724137931,0.05104318411331136
两侧颅底孔,50,50,50,0.0003123048094940662,1.0,0.05520821214760677
密度正,13859,38,15,8.862398338926032e-06,0.683043738765728,0.011220603081126351
胆囊结石,871,750,552,3.124351185969274e-05,0.9547926439453692,0.293196160162721
腰椎退行性变,5111,4936,5050,1.4120328678042479e-05,0.9997393846574167,2.5198385386085027
阑尾增粗,62,61,61,0.00010971315319141406,1.0,0.02634840807941168
点状绿色,181,12,10,0.00017509661753965067,0.9836065573770492,0.012849185805232978
金属异物,27,11,15,0.001004277478147666,0.953757225433526,0.03311663501689253
轮廓较模糊,87,87,87,0.0004051637420364368,1.0,0.16439153732356573
状高,3748,41,29,1.1651809547318029e-05,0.9429024583663759,0.012116494319540642
所见气道通畅,22,22,21,0.0005861664712778429,0.9989189189189189,0.029539683211625513
ct扫,30994,40,21,7.37731848311859e-06,0.82312591866732,0.017884911604656224
崁插,14,5,14,0.00857843137254902,0.6334841628959276,0.11825413567590501
阑尾炎,299,65,149,2.3433424621804905e-05,0.7329902368879134,0.01833822124404186
不完全,270,65,22,5.6249472661193804e-05,0.6073476321936717,0.01519207592577847
右冠优势,5236,870,737,1.1200539590486966e-05,0.9863937990983556,0.3233773726077186
登记号,17,17,8,0.0007138657932308726,0.7705382436260623,0.016011791729953862
透明隔间腔形成,186,155,184,3.6764684081662663e-05,0.9854701888357147,0.042182968001957914
第1跖,233,24,8,0.0002493610791234476,0.6,0.02283799006025152
建议mr检查,502,502,478,4.840766552162287e-06,0.9988012187609264,0.026556542737403765
螺旋,2677,28,16,0.00030331108749884715,0.8615384615384616,0.15978566309636094
颈3,1521,1423,1491,9.977822730970622e-06,0.9989114903213505,0.2833305384688088
轻微,325,30,30,4.215212949964255e-05,1.0,0.011398624821071958
脊柱侧弯,29,22,14,0.0003322030791788856,0.9058823529411765,0.01530561794142451
尿酸盐结晶,137,24,28,0.00019338619222587506,0.9882352941176471,0.02925173802122632
右冠优势型供血,405,405,405,1.1064035688153516e-05,1.0,0.045088533185395255
不规则,939,91,179,9.711078354750967e-05,0.8079460344228957,0.1795274712177531
肝脏大小,521,521,505,3.785266441054131e-06,0.9995137387789524,0.022156290807634094
颅骨,3789,1522,1328,1.4355169437338257e-06,0.9907756439353462,0.06266694061066999
颈6,660,642,613,5.98504098855321e-06,0.9989326503649422,0.04821596614953666
中段壁冠状,1868,61,23,2.85689055237e-05,0.660235294117647,0.020623407530436864
先天,115,31,15,0.001193936877076412,0.7841483979763912,0.129427155888317
低密度,6912,119,242,1.5769387491734162e-05,0.791969749054658,0.10458558143323902
肝右叶钙化灶,152,146,124,2.2477499579286273e-05,0.9868091137032595,0.0185814914119817
点状绿色标记,155,11,25,0.00018002469241910213,0.7372654155495979,0.017120960280238105
容积效应,70,32,21,0.0011104060913705585,0.9174061433447099,0.1177942954702702
bakeyⅲ,29,16,7,0.004784688995215311,0.7344262295081967,0.12547086715187528
脑萎缩,1532,1030,1437,8.804173937030329e-06,0.9470070562777902,0.20674872499696276
其它,136,8,18,0.00025647601949217746,0.7422680412371134,0.01656553106038478
会厌,16,8,5,0.03333333333333333,0.898876404494382,0.4102564102564102
大枕大池,214,174,194,1.60182182531639e-05,0.9941100247378961,0.02149434686268545
ct扫描未见明,28780,33,31,1.348308546927879e-05,0.9980487804878049,0.03656203348413961
运动伪影干扰,16,10,6,0.008381351492928235,0.8823529411764706,0.12572027239392353
最明显处,20,19,7,0.0005688282138794084,0.6487804878048781,0.01301290981917704
缺血灶或腔隙,186,16,13,0.00011757573995280535,0.9788235294117648,0.011501103978063967
5椎间盘脱出,196,196,162,9.4206393326496e-06,0.9821218682338385,0.011697592070570006
边缘较清楚,132,132,120,0.00012851818532322323,0.995475113122172,0.09281243925594333
轻度脂肪肝,522,428,511,2.3290678374471274e-05,0.9844948852702535,0.12394141971104511
白质脱,3294,39,42,9.494332540640153e-05,0.9972602739726028,0.11019328112547923
潴留,15,9,13,0.0023752969121140144,0.936,0.04892453590005051
纵裂池,111,53,29,0.00011739149747132368,0.8421917808219178,0.02318238676406026
脑池不宽,177,177,142,1.07686013138302e-05,0.9762103586895307,0.01128799632185084
扫描未见明,29185,13,37,1.6168501838253677e-05,0.6254876462938882,0.026572027988637097
建议复查,1840,1840,1690,2.721335214840837e-06,0.9963952128426551,0.10283022245671077
肾上腺,1151,83,103,8.115565654926148e-05,0.9771402445993828,0.12654903279349405
开口及近,520,9,12,9.301618392161598e-05,0.96,0.01090849032451832
点状绿,192,12,7,0.0001734431445242102,0.8704663212435233,0.010625110078904118
边缘不光整,63,54,62,5.9171597633136094e-05,0.9905325443786982,0.013555359196252168
听小骨链,39,28,12,0.008928571428571428,0.7241379310344828,0.4683748498798799
考虑良性病变,204,148,171,2.364877397336499e-05,0.989656857952879,0.026797288809275396
颅脑外伤后复查,244,182,236,1.0746569466001202e-05,0.9671695564062148,0.01724931577450494
退行性,7999,40,73,2.2516716325470294e-05,0.8428344638475971,0.05203880473339862
重度脂肪肝,129,94,125,4.5564185278812196e-05,0.9607129716691877,0.027765929466492045
漏斗,17,12,5,0.043478260869565216,0.7100591715976331,0.6327016305295643
髋臼,239,27,58,0.001597444089456869,0.7652088932323479,0.4549853878901958
咬肌,13,5,6,0.0010604453870625664,0.9836065573770492,0.010427700594227289
壁冠状,2463,13,25,2.5826229634712466e-05,0.818639798488665,0.010962080286554253
淡薄,69,14,13,0.0016350710900473935,0.9972602739726028,0.09155220508208284
包膜光整,227,224,225,0.00016196608273256045,0.9999900794634974,0.2739183977332843
类圆形,1285,85,70,3.468920336473935e-05,0.9814432989690721,0.04773436590032175
皮质光滑,153,26,77,0.00017274140611504577,0.6062074186222559,0.04153067734330369
融合,385,35,88,5.754474365386104e-05,0.6868101237596165,0.028273633854501146
眼环不厚,227,227,225,0.00017248414399614607,0.9999608434324647,0.2936513804599182
全组副鼻窦炎,149,117,86,4.938327252672663e-05,0.9544225752904909,0.029878670960219025
膨胀不,404,16,12,8.014104824491104e-05,0.96,0.011045589490390008
中央型,573,88,149,3.5236081747709655e-05,0.8757388545667056,0.04666438154801394
管腔狭窄约10,2164,2096,2147,3.105808999520753e-05,0.9997110906854237,1.5323347948320685
基底节区出血,942,71,135,9.265708351108181e-06,0.8239491102896931,0.013232106095230926
乳突小房,28,10,19,0.00046146746654360867,0.824295010845987,0.015998368922625343
病史提供,124,94,109,6.619009796134498e-05,0.9891393541535937,0.03720164807576346
附件,856,46,59,0.0007929846794618821,0.9698052528140075,0.5996836709187995
第1,1057,263,272,2.62786797853814e-06,0.9994341718301398,0.011423834613857008
细胞,275,25,20,0.0010570824524312897,0.975609756097561,0.19477477039907215
眼球,633,28,46,6.019546694850444e-05,0.8882758620689655,0.02636026585608654
结构及密度,19381,7,20,1.663829087327952e-05,0.623608017817372,0.01201049964509026
走行,393,47,91,9.128750220669535e-05,0.815443279313632,0.056087717050034645
马赛克,41,32,29,0.01020408163265306,0.9951742627345844,0.9939945286613723
胸廓前后径加宽,138,138,138,4.327131112072696e-05,1.0,0.035074273846321086
以上鼓室为著,21,21,21,0.0003059039461609055,1.0,0.014719193881014477
下叶背段,2005,170,241,2.1914465164635015e-05,0.9420448143847507,0.09781651966585539
癌术,3345,31,20,2.9074001652237703e-05,0.9110947832476121,0.020442047129898687
延迟,13,10,5,0.003229813664596273,0.8,0.038817529259653705
额部软组织肿胀,170,67,157,2.8460099359229234e-05,0.7220124922781248,0.017425582695206585
白质,5389,55,111,6.052954444368603e-05,0.7956470741561319,0.1634176938278591
与2016,4458,4361,4369,3.410038443326171e-05,0.9999983204957099,4.9691624505829015
均衡优势型,66,64,66,4.185559818625741e-05,0.9995267392333176,0.011048570165924917
向左后方,460,9,12,0.00011388698251983367,0.96,0.012561961640408669
与2017,1693,1681,1675,2.3188614464260553e-05,0.9999936072576094,0.8005046365812386
韧带,242,26,43,0.001078676526304998,0.8855445544554456,0.27188899143328554
未见明显异,46660,84,89,1.2831699430272546e-05,0.9983307738532416,0.11977873853703595
胫骨平台,312,34,40,0.000792393026941363,0.9869375907111756,0.2572320807428336
碎骨片,189,38,41,6.607929515418502e-05,0.99712,0.017915818991432214
同16,964,953,961,2.4860206468656668e-05,0.9999650603527812,0.36933256571150447
注意,198,139,47,0.0034235324630414107,0.6068741291221551,1.6920249373126106
个月,381,15,19,0.00012869769418320201,0.9726962457337884,0.021057130891654917
肝脏多发血管瘤,78,69,70,4.468546588035524e-05,0.9998964910464755,0.013713424568153026
桥脑,479,342,121,6.129781813679587e-06,0.6288818813874852,0.011990664688521233
胸膜下,3410,88,199,1.069685861808256e-05,0.7397613264336255,0.0381142428693251
略有,409,53,37,0.0003109821561632253,0.9387266634753471,0.13703522228533152
周围软组织肿胀,237,81,199,2.8003684670475798e-05,0.6983666218967982,0.02481815060481963
对称性密度减低,612,431,594,0.00010356949208302618,0.950669981451809,0.6399520096773534
颅内未见异常,1194,561,1193,7.081298478130507e-06,0.770177851171194,0.09336600571146254
远端,1154,74,146,8.179582231735928e-05,0.806509405792774,0.1364570323157901
金属异物存留,12,6,12,0.0011379800853485065,0.8,0.015768314606601445
双侧胸腔积液,377,294,203,8.918066341803036e-06,0.9351247600767755,0.02079353623112862
了解,38,8,13,0.009625126646403243,0.8927038626609443,0.2938409338029309
耻骨梳,12,6,7,0.0025906735751295338,0.9882352941176471,0.02899407489752604
狭窄程,1057,15,8,6.44222452145913e-05,0.8304498269896193,0.010927649588697201
普遍,99,11,27,0.008830612791008831,0.6988235294117647,0.6867225237723745
腰椎骨质增生,200,200,198,1.4628734066657143e-05,0.9999494975001263,0.0205841935439615
密度,40965,954,545,1.5823978159975954e-05,0.8614238104745013,1.1108755253906732
切除术,967,46,16,5.087504552185433e-05,0.6205733558178752,0.01878037123147851
胃小弯,33,24,12,0.0002533239168483434,0.8,0.011641880881613593
同17,182,182,182,1.0892215483212493e-05,1.0,0.013371905871523508
门脉高压,159,152,119,0.00012695462210639277,0.970776868375151,0.10684847737714503
进一,3071,43,97,0.00013277665427562012,0.7409841890211405,0.21921677453232064
位于,246,45,44,5.4847297098444206e-05,0.9997475385003787,0.019138062447990923
结肠癌术后,411,236,120,9.273190563050758e-06,0.8080346952750513,0.01495523860981753
早期,70,22,16,0.00026346295710823057,0.9513513513513514,0.020418679339234528
肿瘤,1230,129,301,8.32791477220147e-06,0.7241379310344828,0.02637403498812285
膀胱入口处,93,6,6,0.00043719854455194203,1.0,0.012648570230620044
关节面,1709,546,287,6.024196613985555e-05,0.8236960721184804,0.4684893331436954
5椎间盘膨出,4221,4221,3055,1.231096198504436e-05,0.9499240254077129,1.4175341902753533
钙化斑,5075,97,180,1.998191367106151e-05,0.8352268650290607,0.08972626128321305
胸腔,3815,191,172,7.2989367257184125e-06,0.9945356845530916,0.04080017811674032
本院,805,31,51,0.0005690469559168866,0.8877035373385739,0.31128920633467627
坠积,515,32,14,7.506150671035295e-05,0.7344262295081967,0.016589797105396653
对比2017,366,362,365,2.87721734405482e-05,0.9999659437921209,0.10004150958224878
少量积,2169,67,56,2.989791701529191e-05,0.9841311475409836,0.042474514792009435
末端,485,36,68,0.00018078801207738472,0.827027027027027,0.09371704207627701
边界清楚,223,223,201,0.0001039717196922437,0.9946299789193387,0.1641355756594064
颈4,559,528,536,2.2194569315255927e-06,0.9998869417750141,0.013957566644263878
树芽征,31,17,25,0.0005821486920433419,0.9299781181619255,0.0327985325025354
腰4,18096,16538,17062,1.0705901134414288e-05,0.9995136953723599,12.0945069970881
边缘清楚锐利,39,39,38,0.00012851818532322323,0.9996627318718381,0.015447363513898202
肩胛,237,19,8,0.0016025641025641025,0.7152941176470589,0.13888949764884728
胸腔积,1556,78,41,3.305216336605271e-05,0.8236960721184804,0.03503774802094014
治疗后,9555,509,207,2.2537119414036972e-05,0.6979299837710727,0.324181969959044
纹理分,1999,7,12,7.413802950834507e-05,0.8704663212435233,0.01465457139395251
请结合病史,186,185,163,1.9483931413209353e-05,0.9920386880284239,0.02302571649439786
急性脑梗塞,230,68,103,2.819160880441103e-05,0.9195824853935535,0.017511921646215865
植入,145,14,19,0.0003541993385022009,0.9551166965888689,0.034379491088760566
鼻中隔扭曲,21,21,21,0.00028195488721804513,1.0,0.013566835939014001
最宽处,23,22,8,0.0003847955564478351,0.6423357664233577,0.010826432669906691
实质,2021,43,112,3.540095026940719e-05,0.6692142013478775,0.04944846980669666
侵犯,104,30,60,0.004672897196261682,0.8,0.9530877595500531
ct平扫未见,22986,32,16,1.0626981270767985e-05,0.8,0.017185823211832273
顶部,3627,218,87,1.406577725193152e-05,0.6885085219537872,0.05267607656392505
索条状,513,78,47,2.222191418615813e-05,0.8841191366212469,0.01476123167037832
边界欠清,279,181,171,0.0001245019920318725,0.9983871488016516,0.1828565087596546
牙槽,36,13,10,0.012474012474012475,0.966542750929368,0.42303172737955347
双侧筛窦炎症,346,222,235,1.1822417449286784e-05,0.9983829143901483,0.025104349718245458
肱骨外侧髁,75,8,21,0.0005150532908471596,0.6653465346534654,0.025840093566081995
椎间盘向,6082,28,25,1.7939399516798352e-05,0.99361249112846,0.018477928410810997
回肠末端,43,32,14,0.0001888118029331694,0.7344262295081967,0.012058229610821813
脑沟,11129,10856,10111,1.0704639714424951e-05,0.9974781341015806,5.911909482005561
鼓窦部分密实,18,18,18,0.0002639218791237794,1.0,0.010077531323323717
4椎间盘膨出,1136,1136,879,5.707948054376566e-06,0.9679861298595295,0.09533696752554041
筛窦炎,1160,275,371,2.3283627338639645e-05,0.9567863606950944,0.1252430743468816
包裹,176,24,44,0.0008045272945027016,0.8407643312101911,0.16574945993854542
继发椎管狭窄,113,109,112,6.266108890554923e-05,0.9996315250767656,0.036795050754179014
边缘欠清,89,83,42,5.3318955188114063e-05,0.8057321160291229,0.01402794336038864
同2016,261,246,135,8.279821155863033e-06,0.8435249742827752,0.011659639147606041
副鼻窦炎,223,67,139,3.036862885232185e-05,0.7822763544729106,0.020502177918381773
cta,3894,42,96,1.254490651280516e-05,0.7344262295081967,0.022872142063023324
造影剂,42,20,18,0.004807692307692308,0.994475138121547,0.2951754366683742
肾盏,246,68,47,5.172096246403711e-05,0.9354602663544563,0.0225446284274462
粥样硬,1015,15,40,7.332307773438191e-05,0.6575342465753424,0.025483687346700663
影响,145,49,33,5.040576641967841e-05,0.926647564469914,0.011969069567277033
来源,106,28,21,0.0009376133318001292,0.96,0.11583984095367186
本院ct片相,118,11,16,0.00025388465030616765,0.9336870026525199,0.01797737806813114
圆形,2255,43,95,1.6009017982770165e-05,0.7513334559499724,0.022503545093488828
迂曲,107,34,79,0.0004825036075036075,0.7262403677166419,0.11863696240790929
大小形态,9584,13,24,2.529980266153924e-05,0.8375838926174497,0.020885429278366865
粗条索状影,90,41,86,4.404387357059279e-05,0.7769086702655063,0.011600730803207008
膀胱入口,121,6,8,0.0003940418270514599,0.96,0.01486100604879792
边缘模糊,467,378,411,5.130402302638806e-05,0.9965074325299466,0.21830640637716564
颈椎退行性变,602,592,598,1.11616831358352e-05,0.999949157425558,0.0814711533205549
境界模糊,24,24,24,0.00027059937762143147,1.0,0.015907929597292998
边缘清楚,199,197,107,7.427313104168999e-05,0.8388316287954156,0.07264984478388903
宫颈癌,142,89,54,7.829540968348804e-05,0.8869613361631448,0.031356544848936074
ct平,24316,51,30,1.3021096172124163e-05,0.8740359897172236,0.03835306052869604
灌注,56,16,24,0.0037174721189591076,0.9230769230769231,0.2670625346693668
边缘光整,1516,1515,1498,0.00012826436402238738,0.9999363328001297,3.761672024712182
穿刺,114,15,16,0.0020543871979239875,0.997920997920998,0.16981821578481873
胸腔少量,1161,45,39,3.155652777083166e-05,0.9898477157360406,0.022464830982753984
直径约0,358,129,344,1.1486795639638044e-05,0.6575342465753424,0.02039047862625859
实验,452,7,11,0.00025933193339988756,0.9058823529411765,0.023585410275257564
双肺多发炎症,264,196,214,1.1807467435988768e-05,0.9961525673300717,0.01962658357279186
平扫,24837,175,406,1.6164149400474844e-05,0.7269992479318125,0.3115231849766214
外耳道,250,45,52,7.916874088767792e-05,0.9896384013533517,0.030197282743353863
向后方,1155,18,19,6.301562329162191e-05,0.9985401459854014,0.01979536939317897
略显饱满,14,6,14,0.0006706265568116498,0.7241379310344828,0.01053887020225655
额部,2615,393,132,6.992090688726414e-06,0.6036550243493742,0.0353305238907283
远段,2149,173,297,1.4497884263504613e-05,0.8698471279351268,0.07347295900665868
边界不清,159,154,140,0.0001098623197117876,0.995475113122172,0.10158948367655261
额窦,727,292,166,7.799975580819226e-06,0.8592802694557703,0.022257988309444258
b级,82,69,79,0.0005786792000112913,0.9909107435011816,0.1930008693450959
断端对位,306,247,93,0.00013343391750644278,0.6595365930689943,0.15769863519625982
占位效应,166,101,39,0.00010105437455864807,0.6720696126940795,0.03663254633907771
径约,1455,10,25,6.105449804222773e-05,0.6896551724137931,0.01663493568207864
蝶鞍,54,39,26,0.00017922931395001493,0.9230769230769231,0.020546153134726172
沙砾,18,7,6,0.014705882352941176,0.9882352941176471,0.20157342631109723
基底节,13110,379,221,2.0184291604465382e-05,0.8703047557693706,0.32262282592921154
顶部头皮,1459,104,61,5.585904744665193e-05,0.8728073192543165,0.08203523027959463
回肠,274,142,56,4.847697379129566e-05,0.6825751072961374,0.03222715466919162
动脉粥样,883,43,30,3.3730042691996616e-05,0.9385230993088396,0.017711856822646435
退行,8109,44,57,0.00011087969204734585,0.9674059787849566,0.24793727269450108
溃疡,82,21,27,0.008828596037898364,0.9692307692307692,0.9443661099729067
渗出,928,77,225,2.2275224026824746e-05,0.612688757647558,0.03892802486255487
跖趾,219,11,7,0.0004067940173416847,0.9058823529411765,0.025752229536848876
已吸,336,19,23,0.00010486187724606494,0.9820224719101124,0.019999512678850345
提示肺动脉高压,26,25,25,0.00018214936247723133,1.0,0.011609789420748598
骶1椎间盘膨出,1822,1729,1299,9.77941934617121e-06,0.9604647751623853,0.3096246503226868
鼻中隔轻度偏曲,23,23,23,0.0002925687536571094,1.0,0.016135770192538406
原因,62,33,22,0.00029257151485980164,0.9230769230769231,0.03040897743467287
粥样,1093,15,44,0.0003770889971433697,0.6108283202221194,0.13945878122393682
絮状,349,55,46,2.8476803522050227e-05,0.9842443104454386,0.01332610097442729
结合病史,610,414,391,1.735056823110957e-05,0.99836867862969,0.08617074310494661
肝叶比例适中,1399,1399,1396,3.501085111153821e-05,0.9999976958625628,0.9150247608493661
胆囊未见显示,52,51,52,7.9929416177099e-05,0.9998114985862394,0.014840365856206442
必要时复查,672,368,554,3.7111783408739838e-06,0.9217886693493693,0.021272724897977147
累及关节面,176,112,167,0.00015416796599895585,0.9251848737417456,0.13711367369352978
透光度良,2349,8,7,0.00019372336303758234,0.9911504424778761,0.03505260316151092
颅ct平,21491,31,11,1.4739691007572877e-05,0.6303142329020333,0.01754372374567139
腔梗或缺血灶,144,38,78,3.621143858992658e-05,0.7874601487778958,0.011103176273849213
同2015,470,465,179,1.1295154301901307e-05,0.6705308016401763,0.031649088999839765
股骨,1090,97,39,1.742578084164571e-05,0.6922232387923147,0.016003056171866703
毛玻璃,89,18,11,0.0002341698547094452,0.8898876404494382,0.015083189318035093
术后改,4722,193,69,3.13869811242471e-05,0.6339919066888836,0.10962702939129401
穿刺活,83,7,7,0.0022333440964374127,1.0,0.07121356567488481
胆囊多发结石,276,261,174,7.600755448998105e-05,0.9230769230769231,0.1318292554375235
向后,3044,61,45,8.728017195547234e-06,0.9554472676644622,0.012470228194808313
b超,46,8,10,0.0016065379108022213,0.975609756097561,0.04842697885093926
轻度,11400,1115,376,1.52911693770479e-05,0.6055751801421493,0.45906923965442875
结构及,19627,11,21,1.660270766857209e-05,0.8220640569395018,0.016790664501227456
共见于,12,12,7,0.0012106537530266344,0.8704663212435233,0.018541132641236868
颅脑外伤复查,258,206,258,5.790672573152691e-06,0.9751926605504587,0.010653880169529695
信号,30,8,12,0.0008533879501621437,0.9230769230769231,0.02243615186913123
心包积液,86,75,63,4.3287167066317954e-05,0.9849906191369606,0.013744568699348139
考虑急性胰腺炎,278,271,214,1.2104131758437756e-05,0.9727517465216334,0.02413222501274258
增殖,314,111,80,5.7341501879851655e-05,0.9486672720474334,0.04724039130130112
髌骨,406,72,53,1.7175586485994725e-05,0.9548354810459152,0.01056508378287567
大小,23404,1553,1429,1.4714261114054432e-05,0.9965477059173524,1.6752496996026798
后基底段,1980,78,150,9.039967421783667e-06,0.818639798488665,0.02064193828386488
急性胰腺炎d级,35,18,35,0.00022571325388226796,0.8134280180761781,0.01587288112046086
ct扫描,30958,40,50,1.2843376921017051e-05,0.975609756097561,0.050217277312626686
结构及密,19493,7,18,1.7349678184519278e-05,0.675603217158177,0.0122084717165922
蝶窦,768,257,166,0.0001007646039137602,0.9115325036055766,0.28163683564201974
边界模糊,354,346,279,4.858134245894053e-05,0.9772774439781936,0.14117943103675082
下叶,15449,1018,488,6.0678193598904216e-06,0.7795943091548787,0.24878572529959694
bekeyⅲ,11,11,10,0.004784688995215311,0.995475113122172,0.08312342832970926
骶1椎间盘变性,183,170,131,2.153076693650718e-05,0.966978571893793,0.021549577815798093
序列,442,36,14,0.0010805208012477326,0.675603217158177,0.22898382135722845
静脉,926,89,156,3.8097173712209586e-05,0.8608364076014509,0.06569718664738441
新鲜,33,13,12,0.001851851851851852,0.9968051118210862,0.06638161280443945
对角支,305,43,30,3.992303362697488e-05,0.9385230993088396,0.01232083961984385
阳性异物存留,21,8,20,0.0021687493545388824,0.6896551724137931,0.05679118903177742
数个,230,24,30,0.00038899713156897764,0.975609756097561,0.07865911458082375
双肺透亮度增高,234,234,233,1.6057094085925217e-05,0.9999908294740704,0.028676739993924033
超声,69,6,13,0.004578633045786331,0.7609756097560976,0.15613540191466171
良性,1557,139,94,8.002846731314352e-06,0.9280818268991725,0.01770824567714047
慢性阻塞性肺病,210,176,80,4.3987090417349515e-05,0.7534246575342466,0.03505884245635811
挫裂,1204,29,31,0.0001344394589191425,0.9977802441731409,0.06989537522714735
结构,21359,90,121,1.6821332978451693e-05,0.9577415241194318,0.12688091155323042
大致同前,252,111,239,2.529980266153924e-05,0.7640620949857435,0.030441793769554592
后复,17527,51,63,1.151275655859743e-05,0.9780821917808219,0.04295749903304188
结合临,6638,144,154,1.735056823110957e-05,0.997750382434986,0.10519601186654853
生理曲度存在,166,74,166,0.0003183699458771092,0.7437636231533059,0.20994941732873215
近中段,1067,127,87,1.881179783576172e-05,0.932483753903283,0.03172646701781696
坠积效,264,25,10,0.0008930685700754373,0.6896551724137931,0.10364747658951676
直肠癌术后复查,189,151,189,1.5831981960587412e-05,0.9753255186083866,0.018269473124447225
状高密度,3421,40,44,1.5853925002926674e-05,0.995475113122172,0.019428833131944746
高密,6073,116,59,1.4795020268544357e-05,0.8081714589360571,0.04509092631288742
不典型血管瘤,101,29,43,9.537488467665554e-05,0.9271375464684015,0.016600786712344218
皮下,1972,64,58,7.656343901350137e-06,0.9951742627345844,0.01034482205625863
病灶边界欠清,91,90,74,6.449770111765302e-05,0.981143193871538,0.024985918134920872
管腔轻度狭窄,425,264,418,3.1086794329768716e-05,0.902970297029703,0.10369701114560946
枕大池,338,100,211,0.00026041666666666666,0.7740136828011225,0.32482480921669005
后方,2278,63,114,1.4569966417826394e-05,0.846684350132626,0.02821678604153728
颞叶,2095,195,228,5.103844041143317e-06,0.9879012098790121,0.024553787885848027
薄层,172,15,17,0.0003268507926131721,0.9922178988326849,0.03415890716818537
双侧上颌窦,1157,1059,674,7.5881536866477375e-06,0.905934100245152,0.10630656654937767
结节状,1401,306,228,4.47735532483288e-06,0.9582200247218788,0.021895539252360197
锐利,72,26,60,0.012195121951219513,0.7296538821328344,1.8770616766608297
e级,77,72,77,0.0003889360326504223,0.997750382434986,0.12698736032152255
无前ct对比,70,70,70,3.60729911208909e-05,1.0,0.01056329039792882
慢性支气管炎,618,284,320,5.3629148709290444e-05,0.9929201992832795,0.200597963860735
痛风性骨质破坏,16,7,15,0.0006640106241699867,0.7664233576642335,0.01267656646142702
肝脏多发小囊肿,169,128,151,4.386252912381094e-05,0.9864999362000766,0.039502059203459616
消化道穿孔,41,12,28,0.00127997002997003,0.7241379310344828,0.06884477982554549
现片示,127,127,78,0.0003439665025377686,0.8919101427092243,0.18731065113516868
四叠体池,37,25,15,0.0002699823416954891,0.8823529411764706,0.015395985674132737
建议随访观察,114,114,107,4.551116221136342e-05,0.9979955001022704,0.026820489949471456
横结肠,171,122,49,0.00011232884631049007,0.6916980040497541,0.05135102938776079
嵌顿,14,7,9,0.017543859649122806,0.9692307692307692,0.25846975369162095
聚集,44,14,40,0.007275132275132275,0.623608017817372,0.5004509285858628
可见多发,1031,93,82,7.292588629177951e-06,0.992129057438366,0.01020398474907608
中段非钙化斑块,472,74,139,9.777443024643714e-06,0.8296164858652256,0.010258012165061062
进一步,2907,43,102,0.00028258871482404795,0.7159063086591039,0.4608694867528974
新月,167,16,6,0.00021446550572764165,0.6575342465753424,0.012093840559349133
断端轻度分离,37,32,37,0.00045117549507365135,0.9895528625156708,0.04709219972305713
眼眶外侧壁,114,18,50,0.00011271727738337717,0.6373937677053825,0.015928559880594315
支气管扩张伴,606,55,19,4.149377593360996e-05,0.6172474896633195,0.014424602039049314
建议增强扫描,612,611,448,1.7245695592732866e-05,0.9537145594704063,0.11027566647671018
跟骨,1107,82,74,1.8573287625932176e-05,0.9947540983606558,0.02403718292345963
放射冠,582,66,64,4.0307567517253303e-05,0.9995267392333176,0.03159574787821618
粘液栓,119,18,24,0.0005549855423934335,0.96,0.06227154010033633
纵隔淋巴结转移,88,45,67,7.147498375568552e-05,0.9256984955480504,0.018049480028142585
尿酸盐沉,524,31,20,0.00019338619222587506,0.9110947832476121,0.053816149250161725
头皮,3583,59,127,1.1516093741003053e-05,0.7642019377868434,0.02776971252049971
膝关,1039,31,11,8.037056788033186e-05,0.6303142329020333,0.0210334202582418
近段,5401,614,466,1.35549279196442e-05,0.9631340128451978,0.2639154611069149
丘脑,1390,96,251,1.0645210823039453e-05,0.6673220986748273,0.02755986885951057
锁骨上窝,86,21,26,0.0007264495202054332,0.9776186213070726,0.07826173140032154
野透光,1558,5,11,0.00012443435480787032,0.7534246575342466,0.016883665287048318
范围,368,131,63,0.00014360953192658432,0.7811642214860388,0.1171972149179338
边界尚清,76,55,53,0.00012851818532322323,0.9993143640726774,0.030240306207478484
胰腺密度尚均匀,19,19,18,0.0002599890530925014,0.9985401459854014,0.010475053379165114
轻度脑萎缩,249,210,240,1.4257248866291054e-05,0.9911504424778761,0.025197266345781417
条状,1358,127,114,7.913190551522285e-06,0.9941974248927039,0.017518343528808687
颈内动脉,1052,43,70,3.6724924312444485e-05,0.8919839976292784,0.03172903263788915
造瘘,56,7,6,0.003205128205128205,0.9882352941176471,0.07748994587993369
修补,245,12,7,0.003696104758169146,0.8704663212435233,0.25577199983375054
尺骨鹰嘴,143,18,30,0.0013876758854924794,0.8823529411764706,0.18668463823837336
急性胰腺炎,852,478,533,5.437935034802784e-05,0.9940984015935291,0.39999794703342306
患者配合欠佳,50,38,30,0.0010691528033186504,0.9726962457337884,0.12674204779123474
广泛,163,43,43,0.005398244742507038,1.0,1.481783766379188
透亮,961,45,18,0.00019372336303758234,0.6896551724137931,0.07721259755355067
睾丸,40,8,18,0.017241379310344827,0.7422680412371134,0.6039363170613351
前缘,4395,71,103,1.3637620514675048e-05,0.9345686900958466,0.03799831741754803
前降支开口,1673,752,571,3.168768616515622e-05,0.9632536776046078,0.4206613422961884
可见一,815,75,73,1.6967054310770564e-05,0.9996348365893738,0.017918748027680866
病灶,5057,1460,2327,1.2373330082453112e-05,0.9003927500974289,0.7893816189947948
踝关节,747,27,71,2.9533443936805706e-05,0.664471403812825,0.015789574681018763
颧弓,421,57,60,0.000565322247108934,0.9986859395532195,0.33906063325375
切除,1189,52,95,0.00016131380255977464,0.8423565521357319,0.1869270147047813
肺纹理,3085,112,48,8.727507977783923e-06,0.7241379310344828,0.016287600784099562
肺透光度良好,909,661,903,3.5712618788656257e-06,0.9532359681553584,0.041091888465039875
少许,9953,204,250,5.866207375576109e-05,0.979676514656729,0.6574288175155028
肾盂,826,152,208,7.481537088135043e-05,0.95274831243973,0.18883621155513386
脂肪肝,1966,763,1902,3.0231370705878672e-05,0.6910973521664147,0.7299404529356431
纵深型,433,384,371,9.239178212438794e-05,0.9994072192972918,0.3627734328998224
贲门,75,19,26,0.000277358658027869,0.95274831243973,0.026368583120661666
与一周前比较,52,52,51,6.409924535465373e-05,0.9998114985862394,0.01190120355767533
胆脂瘤,89,25,14,0.00013732406318758467,0.8526187576126675,0.011626395317465586
绿色,395,27,15,0.002075124770160231,0.8490566037735849,0.39769350208556015
高密度,5742,114,111,1.4793502529831921e-05,0.9996445076430857,0.06304460331292416
s8,254,25,21,5.775302532629322e-05,0.9849906191369606,0.010504927735985343
主动脉粥样硬化,459,312,434,3.8078488142989284e-05,0.9479033951697585,0.14807833951373417
腰椎曲度存在,160,160,160,1.5674910199908987e-05,1.0,0.01586189387210165
较前略有吸收,76,27,66,6.476264490641798e-05,0.7008849557522124,0.010818227853632916
瘢痕,31,15,15,0.029411764705882353,1.0,1.2281833153301518
中段壁冠状动,1830,37,15,2.9430410588000303e-05,0.6963613550815558,0.013437284285552525
膨出并突,1246,22,65,2.751051924095872e-05,0.6073476321936717,0.015961532754746512
与两天前比较,52,52,48,6.476264490641798e-05,0.9968051118210862,0.011656571444282258
寰椎前弓,18,15,5,0.0008302583025830259,0.6,0.013209328707590024
膝关节,1017,30,69,2.9682075204922332e-05,0.7313195548489666,0.01979200939477157
乳癌术后,299,44,73,2.30701794859964e-05,0.8842395044735031,0.010951566443126358
伪影,478,77,172,4.7995928981287414e-05,0.745867710415904,0.05581336092843528
双侧下鼻甲肥大,261,257,249,1.3502119134318615e-05,0.9995001952362359,0.02758697891033711
特殊,33,8,17,0.017241379310344827,0.7705382436260623,0.5388003585718426
心包少量积液,87,79,83,0.00013817419477796835,0.9987814166031987,0.05216470284848242
呼吸,144,30,22,0.000298612695186944,0.953757225433526,0.045481010497703776
恶性肿瘤,194,40,94,0.00013552009679208563,0.7205825986968187,0.05296483390545786
颅c,46919,35,39,1.0550229931174604e-05,0.9941733430444283,0.04215384846761371
近段混合斑块,338,27,39,4.090920093921716e-05,0.936,0.011999517473700877
压缩,2047,36,56,7.526438130619551e-05,0.9097472924187726,0.0746192909096862
建议mri检查,3148,3094,2860,1.850365916325654e-05,0.996915578233883,1.5429522787242582
周围脂肪间隙,103,63,28,9.603407251598082e-05,0.7422680412371134,0.01889300968513545
鼻中隔偏曲,253,246,238,0.0002925687536571094,0.999453738477296,0.5629306620473766
下叶后基底段,1346,61,113,2.237620538922761e-05,0.8360218314129776,0.032521307654378995
交界处,112,16,35,0.00023950661637027723,0.7562457798784605,0.027831997552264374
关节间隙,872,293,99,5.238863644815619e-05,0.6065237846314689,0.11447537775931815
畸胎瘤,59,15,41,0.00013149507673517784,0.6453305351521511,0.011092325043946277
骨折线,511,248,167,2.1640709672982197e-05,0.9266049914422829,0.04882047538445726
肝内胆管结石,201,30,76,4.697702823319397e-05,0.683043738765728,0.014325591083391247
胆脂瘤形成,73,22,51,8.868252990605726e-05,0.7273905996758508,0.01164580465090823
起始,284,18,12,0.0017513134851138354,0.9230769230769231,0.21249834804507806
扫描未见,30340,17,28,1.0617830778277876e-05,0.8872320596458527,0.019563115845295884
形态,13852,1493,498,3.6180930878515156e-05,0.6003214303448493,1.5902077594610884
淋巴结转,457,54,21,6.598912060327629e-05,0.675603217158177,0.02132957647205015
患儿,15,15,6,0.000992063492063492,0.6896551724137931,0.016466765927752623
鞍上池,124,102,60,0.0002384285252811149,0.8740359897172236,0.10030104615297442
尿酸盐,720,40,23,0.00019338619222587506,0.8642555190230155,0.07577727580738024
与前期比较,1120,1105,981,6.430333536807459e-05,0.9929577271265823,1.118303007067267
随访观,138,7,11,0.0006593658620491945,0.9058823529411765,0.03313478992737048
海马,40,7,8,0.0011628583057154485,0.9911504424778761,0.02745703028771894
职业,40,8,6,0.023809523809523808,0.96,0.5162902302315723
股骨内侧髁,39,9,14,0.000428835327234342,0.9097472924187726,0.014671197642949763
坏死,152,28,72,0.0014162194394752535,0.675603217158177,0.3520001699011981
错位,354,97,288,8.169595258865395e-05,0.6049830541509209,0.11153358570811585
已经报告,71,71,71,0.0009066183136899365,1.0,0.27119521028808774
01,16279,263,323,4.968697283419777e-06,0.9792504812735594,0.09190032656924275
骨质疏松,289,153,264,1.6920996861008708e-05,0.8676655389076848,0.027863403809514825
颗粒,76,15,6,0.004298642533936652,0.6896551724137931,0.16060584342716125
ⅳ期,28,25,27,0.00024589875996768187,0.9970457902511078,0.016890238555277486
左肺上叶下舌段,280,205,74,1.2881451997269133e-05,0.6387233952969411,0.01171993525895059
淋巴,2773,190,76,0.0003429355281207133,0.6896551724137931,0.9803315319143646
凝固性坏死,40,10,15,0.005208333333333333,0.9230769230769231,0.1976423537605237
桡骨远端,357,16,27,0.00022892833324783256,0.8771573604060914,0.04345591968668904
充盈,309,35,31,0.002074688796680498,0.9926806953339433,0.5995397798598937
完全,485,22,48,0.00019258090979192526,0.757532281205165,0.06398084647453531
请结合临床,5590,5584,3945,0.00010600023528638989,0.9425313121462373,18.32136485476378
ct,71456,312,549,1.3399637769888948e-05,0.8591355377496896,0.7125842122019389
扭曲,112,55,105,0.0003156565656565657,0.8220640569395018,0.12057460401987068
基底节区,11230,351,846,4.846107811615089e-05,0.7079270058897364,1.2739907622015272
主动脉弓,235,195,75,6.772560696553544e-05,0.6701030927835051,0.05623658598852445
短期,254,10,14,0.00025094846664558965,0.9459459459459459,0.023330185862417512
重度狭窄,226,82,212,3.392916551067298e-05,0.6729116667956956,0.030159891911765633
双肺纹理增多,393,364,388,1.5612869485707313e-05,0.9979649519502544,0.05812919023957697
金属,95,28,19,0.004578754578754579,0.9292576419213974,0.5051530075051018
脑出血,3880,396,772,4.667434888757013e-06,0.8121997874601488,0.07609634095403403
真菌,52,16,6,0.0028521281263712154,0.6575342465753424,0.08974685850610432
来自,18,6,8,0.0009745005684586649,0.96,0.014175276896103785
性质待定,263,170,259,2.2826359880389874e-05,0.9174732499140454,0.03799320470504956
透光,3173,35,18,9.716791509931216e-05,0.8134280180761781,0.0650612795476693
白质脱髓,3224,37,40,0.00016852273410363833,0.9969686763219939,0.18391917208019146
陈旧性,2475,156,94,2.202543497230602e-05,0.8841191366212469,0.06427240319322604
肺门无增大,448,432,317,9.146202039603055e-06,0.9539379965379484,0.03539492439930651
低密,7335,120,51,1.86818396518677e-05,0.7199576495500265,0.0572631205274646
顶部硬膜外血肿,218,22,58,4.8220657729771434e-05,0.6632016632016632,0.011355913193689013
管腔狭窄约40,195,177,194,3.1086794329768716e-05,0.9958094685710143,0.040178556733394453
斑片,3944,259,146,1.8546118949991724e-05,0.855549396472731,0.10874745216422785
少量,5879,211,184,4.8681267602244614e-05,0.990698801944448,0.36687387849720604
增强,2869,355,215,4.352277101063667e-05,0.886211901306241,0.3121574969701649
多囊肾,82,62,72,3.994726960412256e-05,0.9889233495790872,0.012050731618337059
肺动脉主干,356,162,205,6.8118157449763335e-06,0.9729159647863599,0.011630294243535724
较前,3390,413,182,6.956884664197888e-06,0.7380322347847005,0.05117043706032058
眉弓,19,6,8,0.0007011070110701107,0.96,0.010477901519528455
需鉴别,32,13,32,0.0012981744421906693,0.6974015088013411,0.06788735070474876
两侧胸膜增厚,78,77,76,4.075273435173372e-05,0.9999145664246049,0.013766290867995693
混合,2772,75,49,6.153435924784501e-05,0.9157737353600798,0.09601740268200297
牵拉,451,41,35,0.0020920502092050207,0.987611837577426,0.8388777646605718
颅脑损伤复查,209,139,209,1.667722891164404e-05,0.9222246912796419,0.02012699206606055
对比2015,430,427,425,4.797865695108534e-06,0.9999889793196934,0.021191393936377274
绿色标,355,25,13,0.00213476051595057,0.818639798488665,0.3440036910853509
分布,2217,63,64,0.00011941928936635059,0.9998760074395536,0.1785147604702372
食管裂孔疝,10,6,10,0.0016778523489932886,0.8823529411764706,0.019896881251059435
周围型肺癌,206,41,61,7.51008027765423e-05,0.9259533506108849,0.02642966810834767
神经,894,177,91,0.0009040165028515956,0.8132794748800808,1.624519701515558
缺血,4077,156,78,2.9300361694531118e-05,0.8,0.09728517866948072
筋膜增粗,32,11,29,0.000281925906347738,0.6632016632016632,0.012718639746887413
情况,142,35,55,0.005724883083373649,0.9058823529411765,1.4591469050348864
急性胆囊炎,370,109,291,5.4429182044136476e-05,0.6569665085644456,0.08302180389242819
颞顶,2315,44,31,4.192492146638199e-05,0.9416637901277183,0.036686042290451075
纵膈淋巴结转移,41,25,24,0.00012937018806007824,0.9991673605328892,0.010143347593086523
空洞,660,93,74,0.0009856189238833385,0.9744424778761062,1.0434681517339222
肺癌,2347,259,193,2.982650574815669e-06,0.9582478673440046,0.015980028911050277
主动脉夹层,92,63,56,0.00010945500923229208,0.993103448275862,0.031125129760588045
状高密,3611,40,30,1.7514478922886418e-05,0.96,0.018042394366724952
乳腺癌术后,223,127,50,2.266365649945902e-05,0.6817327822212679,0.01214179426219754
心脏增大,98,97,95,2.430765353755731e-05,0.9997830096560703,0.01154915437012273
结肠,2074,594,215,5.449807437728494e-06,0.6400525232984431,0.03917977310348161
双肺间质纤维化,230,181,122,9.225585870830727e-06,0.9269388183440025,0.010196559331179633
c3,28,28,28,1e-06,0.6,0.01
50,621,621,621,1e-06,0.6,0.01
5cm,53,53,53,1e-06,0.6,0.01
1x1,10,10,10,1e-06,0.6,0.01
81,37,37,37,1e-06,0.6,0.01
2016,54,54,54,1e-06,0.6,0.01
90,75,75,75,1e-06,0.6,0.01
c4,20,20,20,1e-06,0.6,0.01
5,7634,7634,7634,1e-06,0.6,0.01
7,567,567,567,1e-06,0.6,0.01
23,13,13,13,1e-06,0.6,0.01
4c1,11,11,11,1e-06,0.6,0.01
03,880,880,880,1e-06,0.6,0.01
111,16,16,16,1e-06,0.6,0.01
4,8490,8490,8490,1e-06,0.6,0.01
4cm,45,45,45,1e-06,0.6,0.01
3,7272,7272,7272,1e-06,0.6,0.01
22ct,12,12,12,1e-06,0.6,0.01
6c1,15,15,15,1e-06,0.6,0.01
05,855,855,855,1e-06,0.6,0.01
4mm,11,11,11,1e-06,0.6,0.01
3cm1,11,11,11,1e-06,0.6,0.01
20,1189,1189,1189,1e-06,0.6,0.01
22,14,14,14,1e-06,0.6,0.01
701,10,10,10,1e-06,0.6,0.01
l5,48,48,48,1e-06,0.6,0.01
5mm,16,16,16,1e-06,0.6,0.01
04,776,776,776,1e-06,0.6,0.01
b,45,45,45,1e-06,0.6,0.01
8,663,663,663,1e-06,0.6,0.01
25,26,26,26,1e-06,0.6,0.01
c6,25,25,25,1e-06,0.6,0.01
7cm1,15,15,15,1e-06,0.6,0.01
2015,68,68,68,1e-06,0.6,0.01
501,35,35,35,1e-06,0.6,0.01
6ct,13,13,13,1e-06,0.6,0.01
6cmx0,11,11,11,1e-06,0.6,0.01
5c1,17,17,17,1e-06,0.6,0.01
1,30598,30598,30598,1e-06,0.6,0.01
101,15,15,15,1e-06,0.6,0.01
2cm,49,49,49,1e-06,0.6,0.01
11ct,11,11,11,1e-06,0.6,0.01
02,607,607,607,1e-06,0.6,0.01
c1,15,15,15,1e-06,0.6,0.01
11,1479,1479,1479,1e-06,0.6,0.01
91,22,22,22,1e-06,0.6,0.01
14,18,18,18,1e-06,0.6,0.01
6cm1,18,18,18,1e-06,0.6,0.01
uip,12,12,12,1e-06,0.6,0.01
0,168,168,168,1e-06,0.6,0.01
27ct,17,17,17,1e-06,0.6,0.01
16,16,16,16,1e-06,0.6,0.01
9cm,37,37,37,1e-06,0.6,0.01
2,60503,60503,60503,1e-06,0.6,0.01
40,514,514,514,1e-06,0.6,0.01
24,13,13,13,1e-06,0.6,0.01
71,50,50,50,1e-06,0.6,0.01
0cm,26,26,26,1e-06,0.6,0.01
201,49,49,49,1e-06,0.6,0.01
d,29,29,29,1e-06,0.6,0.01
8cm,34,34,34,1e-06,0.6,0.01
17ct,22,22,22,1e-06,0.6,0.01
14ct,22,22,22,1e-06,0.6,0.01
5cmx0,13,13,13,1e-06,0.6,0.01
41,169,169,169,1e-06,0.6,0.01
28,15,15,15,1e-06,0.6,0.01
7x0,13,13,13,1e-06,0.6,0.01
27,11,11,11,1e-06,0.6,0.01
60,129,129,129,1e-06,0.6,0.01
8cm1,12,12,12,1e-06,0.6,0.01
4cm1,20,20,20,1e-06,0.6,0.01
13,27,27,27,1e-06,0.6,0.01
15,27,27,27,1e-06,0.6,0.01
17,12,12,12,1e-06,0.6,0.01
041,11,11,11,1e-06,0.6,0.01
19,11,11,11,1e-06,0.6,0.01
l4,39,39,39,1e-06,0.6,0.01
121,14,14,14,1e-06,0.6,0.01
12,1472,1472,1472,1e-06,0.6,0.01
7cmx0,10,10,10,1e-06,0.6,0.01
8x0,12,12,12,1e-06,0.6,0.01
3c1,14,14,14,1e-06,0.6,0.01
7ct,12,12,12,1e-06,0.6,0.01
9,663,663,663,1e-06,0.6,0.01
80,83,83,83,1e-06,0.6,0.01
c5,21,21,21,1e-06,0.6,0.01
21,959,959,959,1e-06,0.6,0.01
6cm,49,49,49,1e-06,0.6,0.01
2cm1,11,11,11,1e-06,0.6,0.01
01,788,788,788,1e-06,0.6,0.01
10,1303,1303,1303,1e-06,0.6,0.01
08,593,593,593,1e-06,0.6,0.01
7c1,10,10,10,1e-06,0.6,0.01
5x0,15,15,15,1e-06,0.6,0.01
l3,22,22,22,1e-06,0.6,0.01
051,10,10,10,1e-06,0.6,0.01
1cm,25,25,25,1e-06,0.6,0.01
0c1,19,19,19,1e-06,0.6,0.01
1ct,14,14,14,1e-06,0.6,0.01
70,265,265,265,1e-06,0.6,0.01
30,1498,1498,1498,1e-06,0.6,0.01
61,55,55,55,1e-06,0.6,0.01
51,192,192,192,1e-06,0.6,0.01
07,803,803,803,1e-06,0.6,0.01
401,22,22,22,1e-06,0.6,0.01
09,599,599,599,1e-06,0.6,0.01
6,1676,1676,1676,1e-06,0.6,0.01
1c1,10,10,10,1e-06,0.6,0.01
5cm1,16,16,16,1e-06,0.6,0.01
12ct,15,15,15,1e-06,0.6,0.01
7cm,37,37,37,1e-06,0.6,0.01
2c1,16,16,16,1e-06,0.6,0.01
3cm,42,42,42,1e-06,0.6,0.01
6x0,17,17,17,1e-06,0.6,0.01
c,54,54,54,1e-06,0.6,0.01
06,964,964,964,1e-06,0.6,0.01
8c1,11,11,11,1e-06,0.6,0.01
31,681,681,681,1e-06,0.6,0.01
de,24,24,24,1e-06,0.6,0.01
301,46,46,46,1e-06,0.6,0.01
